School,LeagifyPoints,Bid,ProjectedPoints,Difference,Owner
LSU,70,69,131,-61,Jared
Washington,70,76,167,-97,Jawad
USC,50,35,77,-27,Jared
Michigan,45,191,162,-117,Netten
Penn State,40,43,115,-75,AJ
North Carolina,35,18,61,-26,AJ
Ohio State,35,29,81,-46,AJ
Notre Dame,35,20,83,-48,Jawad
Alabama,35,60,174,-139,AJ
Oregon,30,45,107,-77,Ross
Georgia,30,68,161,-131,Ross
