School,LeagifyPoints,Bid,ProjectedPoints,Difference,Owner
Michigan,110,140,148,-38,Jawad
Penn State,65,44,100,-35,AJ
Texas,65,69,202,-137,Tilo
Georgia,60,69,160,-100,Ross
Colorado,45,35,84,-39,Tilo
Miami (FL),40,32,89,-49,Jared
LSU,35,31,109,-74,Ross
Boise State,35,27,42,-7,Jawad
Missouri,35,12,73,-38,Jared
Arizona,35,20,57,-22,AJ
Alabama,30,40,95,-65,AJ
Ole Miss,30,40,144,-114,Jared
Texas A&M,30,10,65,-35,Ross
North Dakota State,30,60,25,5,Netten
Ohio State,30,70,225,-195,Ross
